0 1 8
0 3 5
0 4 1
0 6 1
0 8 9
0 10 1
0 11 2
0 12 2
0 13 8
0 14 4
0 17 3
0 22 3
0 25 1
0 26 1
0 33 1
0 48 1
0 49 1
0 50 1
0 53 2
0 58 1
0 65 1
0 88 1
0 91 2
0 92 4
0 100 2
0 104 2
1 2 6
1 4 4
1 6 1
1 8 5
1 9 2
1 10 1
1 11 2
1 12 1
1 14 5
1 17 6
1 19 1
1 22 10
1 24 1
1 29 1
1 33 1
1 51 2
1 52 1
1 58 1
1 62 2
1 69 1
1 75 1
1 87 1
1 88 2
1 91 15
1 92 3
1 93 1
1 104 3
1 113 1
1 128 1
2 3 2
2 4 12
2 9 2
2 11 2
2 12 1
2 13 3
2 14 3
2 15 1
2 17 15
2 19 3
2 22 5
2 24 1
2 26 2
2 29 2
2 33 1
2 52 1
2 58 1
2 64 1
2 88 1
2 91 6
2 103 1
2 104 1
3 4 6
3 11 11
3 12 2
3 13 1
3 14 2
3 16 2
3 17 2
3 22 8
3 28 1
3 29 3
3 33 16
3 48 1
3 49 2
3 54 1
3 64 1
3 65 1
3 86 1
3 87 1
3 88 7
3 89 2
3 90 3
3 91 18
3 103 1
3 104 1
3 122 3
3 127 1
4 8 2
4 9 6
4 10 2
4 13 1
4 14 8
4 15 1
4 16 1
4 17 21
4 19 2
4 20 1
4 22 4
4 25 4
4 26 3
4 27 3
4 33 1
4 39 2
4 43 2
4 44 8
4 50 2
4 51 8
4 52 1
4 58 3
4 82 1
4 87 1
4 92 1
4 99 1
4 116 1
4 117 2
4 118 1
5 6 5
5 7 3
5 18 4
5 55 1
5 56 1
5 95 2
5 100 1
6 8 1
6 12 1
6 14 1
6 18 1
6 55 1
6 103 1
6 121 3
7 11 1
7 18 2
7 104 2
8 9 1
8 10 5
8 11 6
8 12 3
8 14 1
8 19 2
8 21 3
8 23 1
8 24 6
8 25 1
8 30 4
8 40 2
8 49 3
8 53 2
8 54 1
8 60 5
8 61 1
8 73 1
8 91 1
8 92 13
8 93 1
8 97 1
8 100 1
8 103 1
8 104 1
8 105 7
8 119 16
8 127 1
9 10 9
9 11 4
9 12 2
9 14 16
9 15 9
9 17 9
9 22 3
9 25 1
9 26 1
9 28 1
9 33 1
9 35 1
9 39 4
9 49 3
9 51 1
9 52 3
9 64 1
9 91 1
9 99 1
9 117 1
9 125 1
9 128 1
10 11 5
10 12 5
10 14 3
10 16 2
10 29 3
10 31 8
10 40 11
10 41 2
10 44 1
10 49 3
10 54 1
10 57 1
10 60 1
10 65 1
10 70 1
10 71 1
10 74 1
10 100 2
10 124 2
11 12 12
11 13 9
11 14 5
11 17 3
11 22 4
11 29 3
11 33 1
11 39 1
11 40 1
11 41 1
11 44 1
11 45 1
11 47 1
11 49 6
11 51 1
11 52 1
11 53 3
11 54 2
11 58 1
11 86 5
11 88 7
11 90 4
11 91 8
11 104 1
11 111 1
11 117 1
11 122 1
11 129 1
12 13 11
12 14 1
12 17 2
12 19 1
12 29 1
12 30 1
12 45 30
12 47 11
12 49 32
12 53 16
12 54 12
12 74 16
12 75 21
12 86 14
12 103 26
12 106 1
12 113 2
12 122 2
13 17 1
13 25 1
13 33 1
13 34 1
13 45 1
13 48 9
13 49 6
13 53 6
13 54 7
13 103 1
13 106 4
13 127 1
14 15 7
14 16 1
14 17 14
14 19 3
14 22 10
14 23 1
14 24 1
14 25 1
14 26 7
14 28 2
14 29 1
14 39 6
14 40 1
14 44 7
14 50 1
14 51 1
14 52 5
14 57 1
14 58 3
14 67 1
14 78 1
14 91 3
14 117 2
15 16 3
15 17 3
15 20 1
15 25 1
15 31 1
15 39 1
15 44 4
15 52 2
15 58 1
15 104 1
15 117 1
15 124 1
16 17 3
16 29 2
16 41 1
16 44 1
16 87 1
16 88 1
17 19 18
17 22 15
17 24 1
17 25 16
17 26 20
17 27 12
17 33 1
17 39 2
17 43 6
17 44 3
17 50 10
17 51 9
17 52 2
17 58 1
17 64 2
17 66 3
17 67 1
17 82 1
17 91 5
17 99 1
17 100 1
17 107 5
17 125 3
19 22 3
19 26 14
19 39 1
19 43 4
19 50 1
19 52 2
19 66 1
19 86 1
19 87 1
19 91 2
19 92 2
19 103 1
19 107 1
20 22 9
20 23 4
20 91 2
21 46 1
21 105 1
22 23 3
22 26 1
22 29 2
22 33 1
22 39 1
22 43 1
22 52 1
22 62 1
22 69 3
22 78 1
22 86 1
22 91 36
22 109 2
23 91 2
24 43 1
24 46 1
24 64 1
24 119 1
25 26 3
25 50 1
25 51 1
25 99 1
25 107 1
25 117 1
25 125 3
26 27 10
26 29 1
26 43 4
26 50 1
26 51 1
26 58 2
26 69 1
26 82 2
26 91 2
26 99 1
26 125 1
28 78 1
29 33 1
29 41 1
29 43 1
29 57 2
29 86 1
29 88 2
29 91 1
30 93 1
30 97 1
30 103 1
30 119 1
31 40 1
31 124 1
33 62 1
33 88 1
33 91 8
33 129 1
35 105 1
39 44 1
39 51 1
39 52 9
39 82 1
41 53 1
41 62 1
41 71 2
41 88 1
43 50 2
43 51 2
43 73 1
43 107 2
44 51 2
44 117 4
44 124 1
45 47 7
45 49 7
45 54 4
45 74 4
45 75 2
45 86 5
45 128 1
46 61 1
46 105 1
47 49 1
47 53 1
47 54 2
47 74 1
47 75 2
48 53 1
48 106 1
49 53 1
49 54 2
49 74 3
49 75 2
49 86 8
52 82 2
52 91 1
52 104 1
52 113 1
53 54 5
53 86 2
54 74 2
54 75 2
54 86 2
58 91 2
61 105 1
62 88 1
62 93 1
64 78 1
64 91 3
64 109 1
69 91 1
73 92 1
74 75 7
74 103 1
78 91 1
78 109 2
86 88 1
87 92 5
87 100 1
88 89 1
88 90 1
88 111 1
88 128 1
89 129 1
90 111 2
91 92 3
91 109 1
91 111 1
92 100 2
92 104 1
92 107 1
97 105 2
100 119 1
103 113 2
103 122 2
105 119 1
105 130 1
107 125 2
113 122 1
116 117 2
116 118 2
117 118 3
119 122 1
