0 1 3
0 2 1
0 3 3
0 8 1
0 9 2
0 10 3
0 11 1
0 12 3
0 13 2
0 20 1
0 22 1
0 24 1
0 34 3
0 41 2
0 53 1
0 58 1
0 89 1
0 93 1
0 100 1
0 103 2
1 2 2
1 4 2
1 8 2
1 14 1
1 20 2
1 22 5
1 26 1
1 29 2
1 39 1
1 48 2
1 51 1
1 71 2
1 91 1
1 92 1
1 104 1
1 113 1
2 4 4
2 14 1
2 16 1
2 17 2
2 27 1
2 29 1
2 42 1
2 58 2
2 64 1
2 71 1
2 89 1
2 90 1
2 127 4
3 8 1
3 11 1
3 12 2
3 34 1
3 103 2
3 122 1
4 5 1
4 16 1
4 17 1
4 22 2
4 28 3
4 39 2
4 44 2
4 51 3
4 52 1
4 57 1
4 71 2
4 78 1
4 82 1
4 84 1
4 116 1
4 117 1
5 6 1
5 7 4
5 14 1
5 17 2
5 18 11
5 20 1
5 36 7
5 37 10
5 55 5
5 58 23
5 78 2
5 82 1
5 95 6
5 100 2
5 104 1
5 110 2
5 120 8
5 121 3
5 123 9
6 17 7
7 18 1
7 82 1
7 104 1
8 9 2
8 10 5
8 11 7
8 12 2
8 16 1
8 17 1
8 22 20
8 23 9
8 24 1
8 29 1
8 30 7
8 32 19
8 34 1
8 35 7
8 45 1
8 46 1
8 49 1
8 50 9
8 53 1
8 60 4
8 61 1
8 69 4
8 73 1
8 80 10
8 82 1
8 90 1
8 92 4
8 93 1
8 96 1
8 97 11
8 98 3
8 100 9
8 105 2
8 110 35
8 114 3
8 120 1
8 122 1
8 126 1
9 10 2
9 19 1
9 26 1
9 27 1
9 49 2
10 11 2
10 12 3
10 13 7
10 22 1
10 23 1
10 34 3
10 41 1
10 49 1
10 74 1
10 75 1
10 97 1
10 98 1
11 12 3
11 13 3
11 20 2
11 22 1
11 49 1
11 53 1
11 98 1
12 13 3
12 39 2
12 45 18
12 49 6
12 62 1
12 74 15
12 75 4
12 90 2
12 98 1
12 103 17
13 20 1
13 22 6
13 34 44
13 41 2
13 48 2
13 49 1
13 53 1
13 86 5
13 122 1
14 17 1
14 39 1
14 58 2
15 23 1
15 57 1
15 65 1
15 67 1
15 90 1
16 38 1
16 44 1
16 57 1
16 82 1
16 85 1
16 100 1
17 20 1
17 22 1
17 27 1
17 29 4
17 39 1
17 52 2
17 58 2
17 67 1
17 82 1
17 100 2
17 123 2
18 58 2
19 26 2
19 100 1
20 22 4
20 39 1
20 62 1
20 100 1
21 60 1
21 119 1
22 23 7
22 28 1
22 29 1
22 34 1
22 39 2
22 41 8
22 48 1
22 52 1
22 60 1
22 73 1
22 91 1
22 97 6
22 100 1
22 113 2
23 30 1
23 32 1
23 35 1
23 60 1
23 69 2
23 80 1
23 91 1
23 97 3
24 63 2
24 73 1
24 80 1
24 126 1
25 107 1
25 125 1
26 27 1
26 57 1
26 104 1
28 39 1
29 57 2
29 120 1
30 97 1
30 114 1
32 34 1
32 50 1
32 97 2
32 100 5
32 114 1
32 119 1
34 41 4
34 86 2
35 60 1
35 97 1
35 105 1
36 37 1
36 55 3
36 58 7
36 70 2
36 121 2
36 123 7
37 55 2
37 58 6
37 70 2
37 95 1
37 123 4
38 81 1
38 85 1
38 94 1
39 52 2
39 57 1
39 78 1
41 48 1
41 54 1
41 86 1
41 111 1
43 57 1
43 78 1
45 74 11
45 75 5
46 60 1
46 61 3
46 80 1
48 58 1
50 80 1
51 57 1
51 117 1
52 57 1
52 81 1
52 82 2
52 84 2
53 122 1
54 62 1
55 56 1
55 58 1
55 70 2
55 121 2
55 123 3
57 71 1
57 85 1
57 104 1
57 109 2
58 70 3
58 95 6
58 113 1
58 120 8
58 123 12
60 61 1
61 80 1
62 103 1
63 80 5
65 67 1
65 90 2
67 90 1
69 73 1
69 100 1
69 114 1
70 95 1
70 123 4
73 100 1
74 75 14
76 100 1
78 109 3
78 110 1
80 97 1
80 100 1
81 82 1
81 84 3
81 94 2
82 85 1
82 94 1
82 110 2
83 84 1
83 85 2
84 94 3
87 92 3
92 100 4
95 120 1
97 100 4
97 105 1
98 119 1
100 105 1
107 125 1
109 110 1
116 117 2
121 123 1
