0 1 5
0 2 1
0 3 2
0 4 4
0 8 5
0 9 3
0 10 9
0 11 4
0 12 9
0 13 1
0 14 1
0 15 3
0 17 1
0 19 1
0 22 2
0 29 1
0 31 1
0 48 1
0 49 3
0 50 1
0 65 5
0 67 2
0 88 1
0 89 1
0 92 1
0 103 5
0 104 1
0 122 1
1 2 9
1 3 1
1 4 5
1 5 2
1 8 5
1 9 8
1 10 1
1 11 1
1 12 2
1 14 1
1 15 2
1 17 4
1 22 1
1 26 1
1 28 1
1 29 7
1 33 1
1 39 1
1 58 1
1 60 2
1 62 1
1 67 1
1 82 1
1 87 1
1 89 1
1 91 2
1 92 5
1 104 2
1 115 1
1 128 1
2 3 7
2 4 15
2 9 7
2 10 5
2 11 3
2 12 1
2 13 1
2 14 6
2 16 2
2 17 10
2 22 1
2 24 1
2 25 1
2 28 1
2 29 7
2 31 1
2 33 34
2 39 2
2 41 3
2 44 4
2 52 1
2 57 1
2 58 6
2 64 7
2 67 1
2 70 1
2 71 7
2 78 1
2 87 1
2 88 3
2 89 1
2 91 2
2 103 1
2 104 8
2 111 2
2 117 2
2 122 2
3 4 2
3 6 1
3 8 2
3 9 6
3 10 1
3 11 15
3 13 1
3 16 1
3 17 3
3 19 3
3 22 3
3 34 1
3 41 2
3 53 1
3 54 1
3 67 1
3 86 6
3 87 2
3 88 10
3 89 4
3 90 2
3 91 1
3 111 3
3 122 3
3 129 4
4 8 1
4 9 5
4 10 4
4 14 17
4 15 2
4 16 3
4 17 19
4 19 1
4 22 1
4 24 1
4 25 5
4 26 3
4 27 1
4 28 1
4 29 6
4 33 3
4 39 2
4 43 2
4 44 8
4 51 1
4 52 1
4 57 2
4 58 1
4 64 1
4 85 2
4 116 1
4 117 2
5 6 14
5 7 5
5 14 1
5 18 5
5 36 6
5 37 13
5 55 10
5 70 2
5 95 7
5 100 3
5 121 1
6 18 3
6 36 5
6 37 2
6 55 1
6 58 4
6 70 2
6 95 4
6 100 1
7 17 1
7 26 1
8 9 2
8 10 3
8 11 5
8 12 9
8 13 6
8 21 2
8 22 4
8 23 4
8 24 2
8 30 29
8 31 1
8 32 12
8 35 5
8 46 12
8 49 1
8 50 6
8 59 2
8 60 15
8 61 8
8 63 2
8 74 1
8 75 1
8 80 1
8 85 1
8 87 2
8 89 2
8 92 17
8 97 28
8 98 10
8 100 6
8 101 7
8 103 2
8 105 4
8 110 1
8 119 4
9 10 14
9 11 6
9 12 6
9 14 15
9 15 1
9 17 33
9 19 8
9 25 1
9 26 3
9 27 7
9 28 15
9 29 1
9 31 1
9 33 1
9 39 1
9 49 6
9 52 2
9 57 1
9 64 6
9 66 1
9 72 3
9 78 1
9 85 1
9 87 11
9 89 1
9 91 1
9 92 3
9 99 1
9 115 3
9 117 1
9 128 1
10 11 7
10 12 6
10 14 2
10 15 17
10 16 4
10 17 2
10 26 1
10 31 20
10 33 1
10 41 3
10 44 1
10 49 5
10 54 1
10 65 10
10 67 6
10 86 1
10 87 1
10 90 1
10 96 1
10 100 3
10 124 2
10 128 1
11 12 9
11 13 4
11 14 4
11 16 1
11 17 3
11 19 2
11 22 2
11 29 2
11 30 1
11 31 1
11 33 4
11 34 2
11 39 1
11 41 1
11 43 1
11 45 1
11 49 6
11 52 1
11 53 1
11 60 1
11 75 2
11 86 10
11 87 2
11 88 13
11 89 1
11 90 5
11 91 1
11 100 2
11 103 1
11 111 3
11 112 2
11 122 3
12 13 3
12 30 1
12 35 1
12 45 35
12 47 1
12 49 26
12 54 2
12 74 21
12 75 14
12 87 1
12 88 1
12 89 1
12 92 1
12 93 1
12 100 1
12 103 28
12 111 2
12 122 1
13 17 1
13 34 1
13 49 2
13 74 1
13 75 1
13 86 2
13 120 1
13 122 1
14 15 8
14 16 2
14 17 21
14 19 3
14 20 1
14 22 5
14 23 2
14 25 2
14 28 13
14 29 8
14 33 1
14 38 1
14 39 8
14 43 2
14 44 5
14 51 1
14 52 2
14 57 5
14 64 2
14 69 1
14 72 1
14 73 1
14 78 2
14 85 1
14 88 1
14 91 2
14 100 2
14 104 3
14 117 1
15 16 6
15 17 3
15 25 2
15 31 2
15 41 1
15 44 1
15 65 6
15 67 7
15 90 1
15 100 1
16 17 11
16 21 1
16 22 1
16 25 2
16 29 5
16 38 1
16 65 1
16 82 1
16 85 8
16 96 1
16 99 1
16 125 1
17 19 7
17 22 2
17 24 2
17 25 15
17 26 9
17 27 6
17 28 4
17 29 18
17 33 2
17 38 3
17 39 3
17 43 3
17 44 1
17 50 2
17 52 2
17 57 6
17 60 1
17 64 3
17 66 1
17 72 1
17 78 5
17 80 1
17 82 2
17 85 11
17 86 1
17 87 3
17 91 1
17 92 1
17 99 4
17 104 2
17 107 1
17 125 1
17 127 1
18 36 3
18 37 1
18 55 4
18 95 1
19 26 1
19 28 1
19 29 2
19 43 1
19 57 2
19 78 2
19 86 3
19 87 14
19 88 1
19 89 1
19 91 1
19 92 3
19 100 3
19 111 1
20 22 13
20 23 10
20 62 5
20 73 3
20 91 1
21 35 1
21 60 4
22 23 9
22 24 3
22 26 1
22 29 8
22 39 2
22 43 1
22 46 1
22 50 2
22 62 3
22 66 1
22 71 1
22 73 1
22 78 1
22 86 1
22 91 6
22 125 1
23 24 1
23 30 1
23 32 1
23 46 1
23 69 1
23 80 1
24 29 2
24 33 1
24 43 1
24 50 1
24 53 1
24 58 4
24 64 2
24 91 1
24 93 1
24 97 1
24 98 1
24 105 2
24 119 2
25 29 2
25 39 2
25 66 1
25 91 1
26 27 4
26 29 3
26 41 1
26 43 2
26 58 1
26 85 1
26 91 1
26 104 1
27 29 1
27 38 1
27 57 1
27 99 2
28 39 3
28 52 2
28 64 3
28 91 3
29 39 1
29 41 2
29 43 3
29 44 1
29 50 1
29 51 1
29 57 5
29 66 1
29 78 4
29 85 1
29 87 3
29 88 2
29 90 1
29 91 1
29 92 1
29 97 1
29 100 2
29 104 3
29 122 1
29 127 1
30 32 4
30 97 5
30 98 1
30 101 2
30 119 2
31 40 1
31 62 1
31 65 1
31 67 3
31 89 1
32 97 9
32 101 1
32 105 1
33 41 1
33 64 2
33 65 1
33 71 2
33 89 2
33 91 1
33 104 1
34 41 2
34 53 1
35 45 1
35 74 2
35 75 1
35 97 2
35 105 10
36 55 1
36 70 1
36 95 1
37 55 3
37 70 1
37 100 2
38 85 1
39 52 5
39 57 2
39 90 1
39 91 1
39 100 1
39 104 1
39 117 1
40 100 1
41 71 2
43 57 1
44 64 1
44 100 1
44 117 2
45 74 12
45 75 11
45 122 1
46 60 2
46 61 16
46 105 1
48 102 1
49 88 1
49 103 2
50 60 2
50 80 1
50 100 1
51 57 3
51 90 1
51 117 1
53 54 2
54 103 1
55 70 1
57 78 1
57 91 1
57 100 1
58 104 1
59 108 1
60 61 1
60 63 1
60 64 1
60 97 1
60 98 5
61 80 1
61 97 2
62 73 2
63 80 3
64 72 2
64 91 3
64 117 1
65 67 9
66 107 1
74 75 11
74 103 1
75 105 2
76 87 1
78 85 3
80 97 1
82 85 1
85 110 1
86 88 6
86 89 1
86 90 4
86 111 3
86 112 1
86 122 1
87 89 3
87 92 12
87 100 4
87 104 1
87 115 5
88 89 4
88 90 2
88 122 2
89 92 2
89 129 2
91 104 1
92 100 5
97 100 3
97 101 2
97 105 3
98 119 1
102 104 1
102 111 1
102 117 1
103 122 1
107 125 2
111 112 1
111 122 3
116 117 1
116 118 2
117 118 1
