0 1 61
0 2 10
0 3 20
0 4 8
0 5 2
0 8 24
0 9 17
0 10 9
0 11 6
0 12 14
0 13 3
0 14 6
0 15 3
0 16 5
0 17 6
0 19 22
0 22 4
0 26 18
0 29 5
0 43 12
0 47 1
0 49 2
0 50 2
0 53 5
0 54 5
0 58 12
0 64 5
0 65 1
0 87 4
0 88 2
0 91 16
0 92 12
0 97 1
0 100 2
0 102 1
0 103 5
0 104 7
0 112 1
0 113 9
0 124 3
0 128 5
1 2 4
1 3 4
1 4 10
1 6 1
1 7 1
1 8 8
1 9 5
1 11 1
1 12 3
1 13 1
1 14 4
1 17 4
1 19 4
1 22 5
1 24 1
1 26 6
1 29 4
1 31 1
1 43 7
1 47 1
1 58 5
1 64 1
1 87 4
1 88 1
1 89 1
1 90 1
1 91 12
1 92 13
1 98 1
1 100 2
1 102 1
1 103 1
1 104 4
1 113 2
2 3 3
2 4 5
2 8 1
2 9 1
2 10 1
2 11 4
2 12 1
2 14 3
2 15 3
2 16 2
2 17 12
2 19 4
2 24 1
2 25 1
2 26 1
2 29 8
2 39 1
2 41 1
2 43 1
2 53 1
2 57 1
2 58 2
2 64 1
2 87 1
2 88 2
2 90 2
2 92 1
2 103 1
2 104 1
2 122 1
3 4 1
3 8 5
3 9 3
3 10 4
3 11 22
3 12 10
3 13 2
3 14 2
3 16 1
3 17 15
3 19 10
3 25 3
3 26 1
3 29 1
3 41 1
3 43 1
3 49 2
3 50 1
3 53 10
3 54 5
3 86 2
3 87 21
3 88 2
3 89 1
3 90 4
3 92 8
3 97 1
3 100 3
3 103 2
3 104 1
4 8 1
4 9 2
4 12 1
4 14 8
4 15 1
4 16 1
4 17 2
4 19 1
4 22 2
4 26 1
4 29 2
4 39 1
4 43 4
4 50 1
4 51 1
4 52 1
4 58 5
4 87 1
4 92 1
5 6 16
5 7 16
5 16 1
5 18 31
5 55 11
5 56 6
5 121 2
6 7 6
6 18 5
6 26 2
6 55 2
6 121 1
7 18 4
7 29 1
7 55 2
7 56 1
8 9 3
8 10 11
8 11 23
8 12 19
8 13 1
8 14 5
8 17 16
8 19 1
8 21 7
8 22 3
8 24 7
8 25 1
8 29 1
8 39 1
8 43 3
8 46 8
8 49 4
8 53 3
8 54 2
8 58 2
8 59 3
8 60 13
8 61 25
8 80 2
8 82 1
8 87 3
8 89 1
8 90 1
8 92 50
8 93 12
8 98 2
8 100 4
8 102 1
8 113 1
8 128 2
9 10 43
9 11 6
9 12 7
9 14 25
9 15 11
9 17 3
9 19 2
9 22 2
9 26 1
9 39 1
9 43 2
9 44 1
9 45 1
9 49 4
9 50 1
9 53 1
9 60 1
9 64 5
9 65 2
9 76 1
9 87 1
9 91 2
9 103 1
9 104 1
9 113 2
9 124 1
9 128 16
10 11 10
10 12 7
10 13 1
10 14 8
10 15 3
10 16 1
10 19 2
10 39 1
10 44 1
10 49 2
10 52 6
10 53 2
10 91 1
10 103 1
10 113 1
10 124 7
10 128 9
11 12 59
11 13 9
11 14 7
11 17 1
11 24 1
11 29 2
11 41 2
11 45 1
11 47 3
11 49 11
11 53 6
11 54 5
11 57 1
11 61 1
11 64 1
11 86 2
11 88 3
11 90 5
11 91 1
11 93 2
11 97 1
11 100 1
11 103 1
11 111 4
12 13 6
12 14 1
12 17 7
12 19 10
12 24 2
12 26 1
12 45 13
12 47 5
12 49 18
12 52 1
12 53 2
12 54 21
12 58 1
12 76 1
12 86 1
12 87 1
12 91 2
12 92 2
12 93 1
12 103 51
12 104 3
12 111 1
12 113 4
12 122 2
13 29 1
13 45 1
13 54 2
13 86 1
13 90 2
13 93 2
13 111 1
13 112 1
14 15 7
14 17 4
14 19 5
14 22 1
14 26 1
14 29 1
14 39 3
14 43 1
14 50 3
14 53 3
14 58 1
14 91 2
14 128 1
15 16 5
15 17 3
15 19 2
15 44 3
15 45 1
15 91 3
16 17 2
16 18 1
16 19 1
16 29 3
16 43 1
16 45 1
16 64 4
16 65 2
16 87 1
16 91 1
16 100 2
16 107 1
16 125 1
16 128 1
17 19 8
17 21 1
17 22 1
17 25 19
17 26 2
17 27 3
17 29 13
17 39 1
17 53 1
17 54 2
17 57 10
17 60 1
17 87 8
17 90 1
17 91 1
17 92 6
17 93 3
17 100 4
17 107 7
17 115 5
17 125 2
18 43 1
18 55 2
18 56 3
18 121 2
19 26 11
19 43 3
19 50 1
19 53 5
19 58 2
19 64 1
19 87 2
19 88 2
19 89 1
19 91 6
19 92 3
19 100 2
19 103 9
21 80 1
21 109 1
22 26 2
22 29 1
22 43 1
22 57 1
22 58 1
22 86 1
22 87 3
22 88 1
22 91 10
22 92 5
22 104 1
24 58 3
24 60 1
24 80 1
25 27 1
25 53 2
25 87 1
25 90 1
25 92 1
25 100 1
25 107 2
25 115 1
25 125 1
26 43 7
26 44 1
26 51 1
26 53 1
26 54 1
26 58 6
26 87 1
26 91 4
26 100 1
26 103 1
27 87 1
27 92 1
28 64 1
28 91 1
29 41 2
29 57 5
29 65 1
29 86 2
29 89 1
29 90 1
29 91 1
29 127 1
31 100 2
39 52 5
41 111 1
41 122 1
43 58 5
43 91 1
43 92 2
44 58 2
44 64 1
44 124 3
45 54 1
45 86 1
45 122 1
46 61 13
46 100 1
47 54 4
47 122 1
49 54 3
49 92 1
49 103 1
51 58 1
52 128 3
53 54 1
53 64 1
53 90 1
53 115 1
54 60 1
54 122 1
55 56 7
55 100 1
58 91 5
58 92 1
59 60 1
59 61 1
60 61 1
60 80 2
64 65 1
64 78 2
65 67 2
65 87 1
65 92 1
65 128 1
67 87 1
67 92 1
69 91 1
76 91 1
76 93 1
76 103 1
86 127 1
87 88 2
87 90 1
87 92 25
87 100 2
88 89 2
88 90 4
89 90 5
89 92 1
90 100 2
90 111 1
90 115 1
91 103 1
91 128 1
92 93 1
92 100 10
92 130 1
93 97 1
93 130 1
100 107 1
103 104 2
103 113 3
104 113 1
107 125 1
111 122 3
111 127 1
122 127 1

