0 1
0 2
0 3
0 4
0 5
0 8
0 9
0 10
0 11
0 12
0 13
0 14
0 15
0 16
0 17
0 19
0 22
0 26
0 29
0 43
0 47
0 49
0 50
0 53
0 54
0 58
0 64
0 65
0 87
0 88
0 91
0 92
0 97
0 100
0 102
0 103
0 104
0 112
0 113
0 124
0 128
1 2
1 3
1 4
1 6
1 7
1 8
1 9
1 11
1 12
1 13
1 14
1 17
1 19
1 22
1 24
1 26
1 29
1 31
1 43
1 47
1 58
1 64
1 87
1 88
1 89
1 90
1 91
1 92
1 98
1 100
1 102
1 103
1 104
1 113
2 3
2 4
2 8
2 9
2 10
2 11
2 12
2 14
2 15
2 16
2 17
2 19
2 24
2 25
2 26
2 29
2 39
2 41
2 43
2 53
2 57
2 58
2 64
2 87
2 88
2 90
2 92
2 103
2 104
2 122
3 4
3 8
3 9
3 10
3 11
3 12
3 13
3 14
3 16
3 17
3 19
3 25
3 26
3 29
3 41
3 43
3 49
3 50
3 53
3 54
3 86
3 87
3 88
3 89
3 90
3 92
3 97
3 100
3 103
3 104
4 8
4 9
4 12
4 14
4 15
4 16
4 17
4 19
4 22
4 26
4 29
4 39
4 43
4 50
4 51
4 52
4 58
4 87
4 92
5 6
5 7
5 16
5 18
5 55
5 56
5 121
6 7
6 18
6 26
6 55
6 121
7 18
7 29
7 55
7 56
8 9
8 10
8 11
8 12
8 13
8 14
8 17
8 19
8 21
8 22
8 24
8 25
8 29
8 39
8 43
8 46
8 49
8 53
8 54
8 58
8 59
8 60
8 61
8 80
8 82
8 87
8 89
8 90
8 92
8 93
8 98
8 100
8 102
8 113
8 128
9 10
9 11
9 12
9 14
9 15
9 17
9 19
9 22
9 26
9 39
9 43
9 44
9 45
9 49
9 50
9 53
9 60
9 64
9 65
9 76
9 87
9 91
9 103
9 104
9 113
9 124
9 128
10 11
10 12
10 13
10 14
10 15
10 16
10 19
10 39
10 44
10 49
10 52
10 53
10 91
10 103
10 113
10 124
10 128
11 12
11 13
11 14
11 17
11 24
11 29
11 41
11 45
11 47
11 49
11 53
11 54
11 57
11 61
11 64
11 86
11 88
11 90
11 91
11 93
11 97
11 100
11 103
11 111
12 13
12 14
12 17
12 19
12 24
12 26
12 45
12 47
12 49
12 52
12 53
12 54
12 58
12 76
12 86
12 87
12 91
12 92
12 93
12 103
12 104
12 111
12 113
12 122
13 29
13 45
13 54
13 86
13 90
13 93
13 111
13 112
14 15
14 17
14 19
14 22
14 26
14 29
14 39
14 43
14 50
14 53
14 58
14 91
14 128
15 16
15 17
15 19
15 44
15 45
15 91
16 17
16 18
16 19
16 29
16 43
16 45
16 64
16 65
16 87
16 91
16 100
16 107
16 125
16 128
17 19
17 21
17 22
17 25
17 26
17 27
17 29
17 39
17 53
17 54
17 57
17 60
17 87
17 90
17 91
17 92
17 93
17 100
17 107
17 115
17 125
18 43
18 55
18 56
18 121
19 26
19 43
19 50
19 53
19 58
19 64
19 87
19 88
19 89
19 91
19 92
19 100
19 103
21 80
21 109
22 26
22 29
22 43
22 57
22 58
22 86
22 87
22 88
22 91
22 92
22 104
24 58
24 60
24 80
25 27
25 53
25 87
25 90
25 92
25 100
25 107
25 115
25 125
26 43
26 44
26 51
26 53
26 54
26 58
26 87
26 91
26 100
26 103
27 87
27 92
28 64
28 91
29 41
29 57
29 65
29 86
29 89
29 90
29 91
29 127
31 100
39 52
41 111
41 122
43 58
43 91
43 92
44 58
44 64
44 124
45 54
45 86
45 122
46 61
46 100
47 54
47 122
49 54
49 92
49 103
51 58
52 128
53 54
53 64
53 90
53 115
54 60
54 122
55 56
55 100
58 91
58 92
59 60
59 61
60 61
60 80
64 65
64 78
65 67
65 87
65 92
65 128
67 87
67 92
69 91
76 91
76 93
76 103
86 127
87 88
87 90
87 92
87 100
88 89
88 90
89 90
89 92
90 100
90 111
90 115
91 103
91 128
92 93
92 100
92 130
93 97
93 130
100 107
103 104
103 113
104 113
107 125
111 122
111 127
122 127
